<?xml version="1.0" encoding="UTF-8" standalone="no" ?>
<SimscapeMultibodyImportXML version="2.0" xmlns="urn:mathworks:SimscapeMultibody:import" xmlns:xsi="http://www.w3.org/2001/XMLSchema-instance">
<Created by="" on="02/25/24||17:10:26" using="Simscape Multibody Link Version 7.4" from="SolidWorks 31.0.1"/>
<ModelUnits mass="kilogram" length="millimeter"/>
<DataUnits mass="kilogram" length="meter"/>
<RootAssembly name="For_SSCPE" uid="For_SSCPE" version="227">
<AssemblyFile name="For_SSCPE.SLDASM" type="SolidWorks Assembly"/>
<InstanceTree>
<Instance name="Motor_Active_SSCPE-2" uid="Motor_Active_SSCPE-2" entityUid="Motor_Active_SSCPE">
<Transform>
<Rotation>0 0 -1 0 1 0 1 0 0</Rotation>
<Translation>0.029000000000007013 0.035572449323612108 -0.084537513236117065</Translation>
</Transform>
<Instance name="Active Arm 5.0-1" uid="Active Arm 5.0-1" entityUid="Active Arm 5.0*:*Default">
<Transform>
<Rotation>0.98856160999965015 -0.15081758264506231 1.6564336456984643e-16 0.15081758264506231 0.98856160999965015 8.9939647116083646e-16 -2.9939347278490307e-16 -8.6412689173314089e-16 1</Rotation>
<Translation>-0.12776596752239899 -0.017570072511653528 0.028999999999692865</Translation>
</Transform>
</Instance>
<Instance name="NEMA344-1" uid="NEMA344-1" entityUid="NEMA344*:*Default">
<Transform>
<Rotation>1 2.0433605973208664e-16 2.1778015128656099e-14 -2.1778015128643026e-14 -9.6426305415789341e-16 1 2.0433605973210765e-16 -1 -9.6426305415708522e-16</Rotation>
<Translation>0.036537513120542785 0.058677550676405607 -0.0060000001203474318</Translation>
</Transform>
</Instance>
<Instance name="motor_mount-1" uid="motor_mount-1" grounded="true" entityUid="motor_mount*:*Default">
<Transform>
<Rotation>-1 -1.1102230246251568e-16 0 0 1 0 0 0 -1</Rotation>
<Translation>-0.0054624867638685126 -0.029530402749429793 0</Translation>
</Transform>
</Instance>
</Instance>
<Instance name="DELTA_ALL_NO_GRIPPER_No_Active-1" uid="DELTA_ALL_NO_GRIPPER_No_Active-1" entityUid="DELTA_ALL_NO_GRIPPER_No_Active">
<Transform>
<Rotation>0.44657767131265858 0.3073169846517026 0.84031223627265361 -0.30871156095121577 0.93441465242482824 -0.17766943875875552 -0.83980090236914295 -0.18007089792182571 0.51216102555895493</Rotation>
<Translation>0.064087960913205871 -0.081839731759926218 0.15000998700357093</Translation>
</Transform>
<Instance name="Passive Plus RodEnd-4" uid="Passive Plus RodEnd-4" entityUid="Passive Plus RodEnd">
<Transform>
<Rotation>0.99999999999999989 5.0346948832210502e-12 -3.8802294754830872e-14 -5.0346948832213911e-12 0.99999999999999989 -8.775438709029773e-12 3.8802294710649221e-14 8.7754387090299701e-12 0.99999999999999978</Rotation>
<Translation>0.44880572453941792 -0.19783843783438393 -0.027675831390103003</Translation>
</Transform>
<Instance name="145910-DEBearings-1" uid="145910-DEBearings-1" entityUid="145910-DEBearings">
<Transform>
<Rotation>-0.13598541781818105 -0.88435080687877354 0.44657767131113552 0.95156588927946506 0.0088673163050450587 0.30731698466132168 -0.2757359688190778 0.46673870749532664 0.84031223626994522</Rotation>
<Translation>-0.10372718671344477 0.34314209714540872 -0.33272188760716526</Translation>
</Transform>
<Instance name="rod-end-145910-DEBearings-1" uid="rod-end-145910-DEBearings-1" entityUid="rod-end-145910-DEBearings*:*145910-DEBearings">
<Transform>
<Rotation>-0.45848792568582186 0.86675922692491536 0.19625815789626527 -0.79615320763197306 -0.49872609456172057 0.34265485926881922 0.39487832553538932 0.00085155371927432186 0.9187330313418749</Rotation>
<Translation>-0.011402155680755213 0.019715634656185033 -1.1202128270340617e-05</Translation>
</Transform>
</Instance>
<Instance name="joint-145910-DEBearings-1" uid="joint-145910-DEBearings-1" grounded="true" entityUid="joint-145910-DEBearings*:*145910-DEBearings">
<Transform>
<Rotation>-0.86273290486524423 0.5056599003903488 0 -0.50565990039034869 -0.86273290486524423 0 0 0 1</Rotation>
<Translation>0 0.013154928527444876 0</Translation>
</Transform>
</Instance>
</Instance>
<Instance name="PassiveArm 3.0-1" uid="PassiveArm 3.0-1" entityUid="PassiveArm 3.0*:*Default">
<Transform>
<Rotation>-0.060978000161494628 0.32356249339295418 0.94423990403161806 -0.47871699422582914 0.8206178494512083 -0.31211597940743369 -0.87584914393729474 -0.47105589692881322 0.10485522892492857</Rotation>
<Translation>-0.25060988060935457 0.00024048498705153687 -0.1296806083527802</Translation>
</Transform>
</Instance>
<Instance name="145910-DEBearings-2" uid="145910-DEBearings-2" entityUid="145910-DEBearings">
<Transform>
<Rotation>0.89111522520441822 -0.080511110383658185 0.44657767131112719 -0.068255240182990451 0.94915620059410266 0.30731698466132651 -0.44861439744667242 -0.30433611021132234 0.84031223626994789</Rotation>
<Translation>-0.25537488758768212 -0.027016718283296881 -0.11719808242997526</Translation>
</Transform>
<Instance name="joint-145910-DEBearings-1" uid="joint-145910-DEBearings-1" grounded="true" entityUid="joint-145910-DEBearings*:*145910-DEBearings">
<Transform>
<Rotation>-0.86273290486524401 0.5056599003903488 0 -0.50565990039034869 -0.86273290486524423 0 -1.4474865409976543e-16 -1.045844761171712e-16 0.99999999999999989</Rotation>
<Translation>0 0.013154928527444931 0</Translation>
</Transform>
</Instance>
<Instance name="rod-end-145910-DEBearings-1" uid="rod-end-145910-DEBearings-1" entityUid="rod-end-145910-DEBearings*:*145910-DEBearings">
<Transform>
<Rotation>-0.82322314275376218 -0.44364245311924932 -0.35423866393288184 0.40789062903797779 -0.89620346386665883 0.17448377029513365 -0.39487832553537472 -0.00085155371927070507 0.91873303134188111</Rotation>
<Translation>0.0058360847624683021 0.024944421040654807 1.1202128367138187e-05</Translation>
</Transform>
</Instance>
</Instance>
</Instance>
<Instance name="circlip for shafts normal_din-7" uid="circlip for shafts normal_din-7" entityUid="circlip for shafts normal_din*:*Circlip DIN 471 - 6 x 0.7">
<Transform>
<Rotation>-0.60587073212758846 0.6155522523680601 -0.50400007991645002 -0.71175037352534309 -0.70242876736570037 -0.0022874797567174476 -0.35543221820442022 0.35733632810240656 0.86370057709866943</Rotation>
<Translation>0.14588784525261977 -0.22666723159362395 -0.14330696850462551</Translation>
</Transform>
</Instance>
<Instance name="Platform_Assembly 2.0-1" uid="Platform_Assembly 2.0-1" entityUid="Platform_Assembly 2.0">
<Transform>
<Rotation>0.95057775122909938 -0.3087115609512231 -0.033152843064923332 0.30960446440843598 0.9344146524248248 0.17610886676189655 -0.023388340826010989 -0.17766943875876126 0.98381225650250592</Rotation>
<Translation>0.16846730541544866 -0.20903222570448998 -0.089792601754252632</Translation>
</Transform>
<Instance name="Bottom_Connecting_Rod_Jig-7" uid="Bottom_Connecting_Rod_Jig-7" entityUid="Bottom_Connecting_Rod_Jig*:*Default">
<Transform>
<Rotation>-0.75689049124509833 0.49999999999999728 -0.42085244951497708 0.48595855003317368 7.4990679116869445e-15 -0.8739818577348476 -0.43699092886741819 -0.86602540378444026 -0.24297927501659117</Rotation>
<Translation>-0.035821796769574935 -1.6542323066914832e-14 -0.037424881814392429</Translation>
</Transform>
</Instance>
<Instance name="Bottom_Connecting_Rod_Jig-2" uid="Bottom_Connecting_Rod_Jig-2" entityUid="Bottom_Connecting_Rod_Jig*:*Default">
<Transform>
<Rotation>-0.75222830266460972 -0.50000000000000033 -0.42913002769594216 -0.4955166740152076 -2.4382222022456117e-16 0.86859842607093574 -0.43429921303546826 0.86602540378443837 -0.2477583370076038</Rotation>
<Translation>-0.050321796769604278 -6.2727600891321345e-15 -0.012310145104541103</Translation>
</Transform>
</Instance>
<Instance name="Platform 1.0-1" uid="Platform 1.0-1" entityUid="Platform 1.0*:*Default">
<Transform>
<Rotation>-1 1.0182666242046757e-15 -3.9412917374193057e-15 -1.0182666242046508e-15 -1 -6.240991001189997e-15 -3.9412917374193057e-15 -6.240991001189993e-15 1</Rotation>
<Translation>0 0 0</Translation>
</Transform>
</Instance>
<Instance name="Bottom_Connecting_Rod_Jig-1" uid="Bottom_Connecting_Rod_Jig-1" entityUid="Bottom_Connecting_Rod_Jig*:*Default">
<Transform>
<Rotation>-1.3877787807814457e-15 0.99999999999999978 2.4980018054066022e-15 0.42884250846084199 2.7898736912283746e-15 -0.90337926860041051 -0.90337926860041051 -1.1102230246251565e-16 -0.42884250846084182</Rotation>
<Translation>0.014500000000263214 -4.2743586448068527e-15 0.049735026918908465</Translation>
</Transform>
</Instance>
<Instance name="Bottom_Connecting_Rod_Jig-5" uid="Bottom_Connecting_Rod_Jig-5" entityUid="Bottom_Connecting_Rod_Jig*:*Default">
<Transform>
<Rotation>-0.19645862673217404 0.50000000000000588 -0.8434476913137543 -0.97392950325473393 -8.1163076050577517e-15 0.22685088205688619 0.1134254410284376 0.86602540378443493 0.4869647516273744</Rotation>
<Translation>0.050321796769874791 -3.5749181392930041e-14 -0.012310145104802241</Translation>
</Transform>
</Instance>
<Instance name="Bottom_Connecting_Rod_Jig-3" uid="Bottom_Connecting_Rod_Jig-3" entityUid="Bottom_Connecting_Rod_Jig*:*Default">
<Transform>
<Rotation>-0.55055185511929283 -0.49999999999999967 0.66850030278579953 -0.77191765953345892 1.034139907126855e-14 -0.63572252351193836 0.31786126175596202 -0.86602540378443893 -0.3859588297667349</Rotation>
<Translation>0.035821796769826865 -2.6201263381153694e-14 -0.037424881814468867</Translation>
</Transform>
</Instance>
<Instance name="Bottom_Connecting_Rod_Jig-6" uid="Bottom_Connecting_Rod_Jig-6" entityUid="Bottom_Connecting_Rod_Jig*:*Default">
<Transform>
<Rotation>1.4432899320127039e-15 -1 2.6097156641318536e-15 -0.54428659981809357 -2.9748521094847459e-15 -0.83889933678508688 0.83889933678508688 -2.0965829856829415e-16 -0.54428659981809357</Rotation>
<Translation>-0.01449999999972758 -1.3211653993039363e-14 0.049735026918931523</Translation>
</Transform>
</Instance>
</Instance>
<Instance name="Passive Plus RodEnd-1" uid="Passive Plus RodEnd-1" entityUid="Passive Plus RodEnd">
<Transform>
<Rotation>1.0387801729905277e-12 1.0064116207075813e-11 -1 0.096649846483335078 0.99531844510927647 1.0117434667833436e-11 0.99531844510927614 -0.096649846483335078 6.1173288656846125e-14</Rotation>
<Translation>0.048272966175819151 -0.11874391642022375 0.43684884547490915</Translation>
</Transform>
<Instance name="PassiveArm 3.0-1" uid="PassiveArm 3.0-1" entityUid="PassiveArm 3.0*:*Default">
<Transform>
<Rotation>-0.77283836300467446 0.59342021782708676 -0.22488510342463292 0.45317128178668081 0.76414545085653207 0.45903977964778186 0.44424841477721855 0.25285208128334707 -0.85948192008826341</Rotation>
<Translation>-0.47240756304014503 -0.0088058615271845442 -0.15201725428421226</Translation>
</Transform>
</Instance>
<Instance name="145910-DEBearings-2" uid="145910-DEBearings-2" entityUid="145910-DEBearings">
<Transform>
<Rotation>0.18127983692337923 -0.98340910763538225 0.0066443769319705775 -0.93522199888171831 -0.17029979940774456 0.31041551367379344 -0.30413390723942002 -0.062486041172913377 -0.95057775122596921</Rotation>
<Translation>-0.47015245043685783 -0.020320197953126895 -0.15574659234170568</Translation>
</Transform>
<Instance name="rod-end-145910-DEBearings-1" uid="rod-end-145910-DEBearings-1" entityUid="rod-end-145910-DEBearings*:*145910-DEBearings">
<Transform>
<Rotation>0.69711580665302408 0.6839714071060089 -0.2149713152398004 -0.65328095716420764 0.72950838942706753 0.20258702022129249 0.2953871072357761 -0.00078994743629351438 0.95537732486276217</Rotation>
<Translation>-0.0089975949753935414 0.0035582978042575306 1.0391702037954031e-05</Translation>
</Transform>
</Instance>
<Instance name="joint-145910-DEBearings-1" uid="joint-145910-DEBearings-1" grounded="true" entityUid="joint-145910-DEBearings*:*145910-DEBearings">
<Transform>
<Rotation>-0.86273290486524423 0.5056599003903488 0 -0.5056599003903488 -0.86273290486524423 0 0 0 1</Rotation>
<Translation>0 0.013154928527444879 0</Translation>
</Transform>
</Instance>
</Instance>
<Instance name="145910-DEBearings-1" uid="145910-DEBearings-1" entityUid="145910-DEBearings">
<Transform>
<Rotation>0.5543131443245628 -0.83228167724887614 -0.0066443769319662338 0.79004004297249919 0.52865767692397103 -0.31041551367378822 0.26186574523795225 0.1668180755947859 0.95057775122597121</Rotation>
<Translation>-0.21340930600952596 0.30365248297545322 -0.048519564169293303</Translation>
</Transform>
<Instance name="joint-145910-DEBearings-1" uid="joint-145910-DEBearings-1" grounded="true" entityUid="joint-145910-DEBearings*:*145910-DEBearings">
<Transform>
<Rotation>-0.86273290486524423 0.50565990039034869 0 -0.50565990039034869 -0.86273290486524434 -1.1332619550965851e-16 0 -1.1102230246251564e-16 1</Rotation>
<Translation>0 0.013154928527444876 0</Translation>
</Transform>
</Instance>
<Instance name="rod-end-145910-DEBearings-1" uid="rod-end-145910-DEBearings-1" entityUid="rod-end-145910-DEBearings*:*145910-DEBearings">
<Transform>
<Rotation>0.045843884082964172 0.99885943038166503 0.013348281904545067 0.95427710607090854 -0.047741117714852177 0.29508641193431601 0.29538710723577621 -0.000789947436286631 -0.95537732486276239</Rotation>
<Translation>-0.013139924415644544 0.01378295951875147 1.0391702039549977e-05</Translation>
</Transform>
</Instance>
</Instance>
</Instance>
<Instance name="Passive Plus RodEnd-3" uid="Passive Plus RodEnd-3" entityUid="Passive Plus RodEnd">
<Transform>
<Rotation>0.99999999999999989 5.0346948832210502e-12 -3.8802294754830872e-14 -5.0346948832213911e-12 0.99999999999999989 -8.775438709029773e-12 3.8802294710649221e-14 8.7754387090299701e-12 0.99999999999999978</Rotation>
<Translation>0.29177024739711782 -0.26685856297389909 0.046860358421691922</Translation>
</Transform>
<Instance name="145910-DEBearings-2" uid="145910-DEBearings-2" entityUid="145910-DEBearings">
<Transform>
<Rotation>0.88910501777319662 0.10030279585760918 -0.44657767131112863 -0.047136396980178213 -0.95043907275448025 -0.30731698466132806 -0.45526962060986526 0.2942871355067202 -0.84031223626994644</Rotation>
<Translation>-0.064991790754238277 0.091577805681240798 -0.13238413935307511</Translation>
</Transform>
<Instance name="rod-end-145910-DEBearings-1" uid="rod-end-145910-DEBearings-1" entityUid="rod-end-145910-DEBearings*:*145910-DEBearings">
<Transform>
<Rotation>-0.88467812569009541 -0.4634575071989952 -0.050514878465193154 -0.46275839568246346 0.88611873576691536 -0.025460819865749312 0.056562188349219167 0.00085155371928315724 -0.9983987147955522</Rotation>
<Translation>0.0060967503827461939 0.001498099891667215 -1.1202128271145528e-05</Translation>
</Transform>
</Instance>
<Instance name="joint-145910-DEBearings-1" uid="joint-145910-DEBearings-1" grounded="true" entityUid="joint-145910-DEBearings*:*145910-DEBearings">
<Transform>
<Rotation>-0.86273290486524434 0.50565990039034858 0 -0.50565990039034869 -0.86273290486524412 0 0 0 0.99999999999999989</Rotation>
<Translation>0 0.013154928527444876 0</Translation>
</Transform>
</Instance>
</Instance>
<Instance name="145910-DEBearings-1" uid="145910-DEBearings-1" entityUid="145910-DEBearings">
<Transform>
<Rotation>0.73997655757096537 0.50299411301897579 0.44657767131113651 -0.65481871378458856 0.69048441185603171 0.30731698466132162 -0.1537762866079187 -0.51983478072564915 0.84031223626994478</Rotation>
<Translation>0.070784080869235877 0.42778095688290468 -0.32705479479335531</Translation>
</Transform>
<Instance name="joint-145910-DEBearings-1" uid="joint-145910-DEBearings-1" grounded="true" entityUid="joint-145910-DEBearings*:*145910-DEBearings">
<Transform>
<Rotation>-0.86273290486524412 0.50565990039034869 0 -0.5056599003903488 -0.86273290486524412 0 0 0 0.99999999999999978</Rotation>
<Translation>0 0.013154928527444876 0</Translation>
</Transform>
</Instance>
<Instance name="rod-end-145910-DEBearings-1" uid="rod-end-145910-DEBearings-1" entityUid="rod-end-145910-DEBearings*:*145910-DEBearings">
<Transform>
<Rotation>0.97269662337025686 -0.22549003805179579 -0.054913765337119495 0.22508220216900043 0.97424510139680087 -0.013582513430523831 0.056562188349229957 0.00085155371928111916 0.99839871479555165</Rotation>
<Translation>0.0029663053341677792 0.0003388038503646662 -1.1202128228533781e-05</Translation>
</Transform>
</Instance>
</Instance>
<Instance name="PassiveArm 3.0-1" uid="PassiveArm 3.0-1" entityUid="PassiveArm 3.0*:*Default">
<Transform>
<Rotation>0.30117628230315918 0.32356249339299981 0.89699507236514553 -0.56126369819240618 0.82061784945118843 -0.10756117447057847 -0.77089292905657869 -0.47105589692881633 0.42875451472743353</Rotation>
<Translation>-0.057848189762544688 0.093845968899585686 -0.13699181926364348</Translation>
</Transform>
</Instance>
</Instance>
<Instance name="Passive Plus RodEnd-2" uid="Passive Plus RodEnd-2" entityUid="Passive Plus RodEnd">
<Transform>
<Rotation>-1.2456702336294259e-13 1.0116824045169894e-11 -1 -0.01836452317920054 0.99983135792412536 1.0117405536949571e-11 0.99983135792412547 0.01836452317920054 6.1244633555878768e-14</Rotation>
<Translation>-0.042727033818638363 -0.14482697794147484 0.41731447957536089</Translation>
</Transform>
<Instance name="145910-DEBearings-1" uid="145910-DEBearings-1" entityUid="145910-DEBearings">
<Transform>
<Rotation>-0.69473170148546948 0.71868128555445898 0.029070134930798297 -0.68998855635992073 -0.65449134903608019 -0.30912273635124987 -0.20313457372750923 -0.23481542502723768 0.95057775122596944</Rotation>
<Translation>-0.24664070552063461 0.29308530452307491 -0.058189884070503795</Translation>
</Transform>
<Instance name="joint-145910-DEBearings-1" uid="joint-145910-DEBearings-1" grounded="true" entityUid="joint-145910-DEBearings*:*145910-DEBearings">
<Transform>
<Rotation>-0.86273290486524423 0.50565990039034858 0 -0.50565990039034892 -0.86273290486524434 0 0 0 1</Rotation>
<Translation>0 0.013154928527444931 0</Translation>
</Transform>
</Instance>
<Instance name="rod-end-145910-DEBearings-1" uid="rod-end-145910-DEBearings-1" entityUid="rod-end-145910-DEBearings*:*145910-DEBearings">
<Transform>
<Rotation>-0.22769466690502951 -0.97070580043886734 -0.076716280262700165 0.92094084941055421 -0.24026990027339129 0.30681969772096085 -0.31626427327470125 -0.00078994743627336383 0.94867079929397691</Rotation>
<Translation>0.012769565426070717 0.016315661892628897 1.0391702114170842e-05</Translation>
</Transform>
</Instance>
</Instance>
<Instance name="145910-DEBearings-2" uid="145910-DEBearings-2" entityUid="145910-DEBearings">
<Transform>
<Rotation>-0.83492313082111436 -0.54959830137562649 -0.029070134930793551 -0.53038695230471378 0.78938762005470364 0.30912273635125598 -0.14694572618754767 0.27351214311141092 -0.95057775122596755</Rotation>
<Translation>-0.44868890459616023 -0.086600570033656982 -0.1751204043374423</Translation>
</Transform>
<Instance name="joint-145910-DEBearings-1" uid="joint-145910-DEBearings-1" grounded="true" entityUid="joint-145910-DEBearings*:*145910-DEBearings">
<Transform>
<Rotation>-0.8627329048652439 0.50565990039034914 0 -0.50565990039034903 -0.86273290486524401 0 0 0 0.99999999999999978</Rotation>
<Translation>0 0.013154928527444876 0</Translation>
</Transform>
</Instance>
<Instance name="rod-end-145910-DEBearings-1" uid="rod-end-145910-DEBearings-1" entityUid="rod-end-145910-DEBearings*:*145910-DEBearings">
<Transform>
<Rotation>0.42333565296414238 0.89479515821700994 -0.14187512030239621 0.84897811183766658 -0.44647620408532879 -0.28265732752947753 -0.31626427327469925 -0.00078994743627930364 -0.94867079929397757</Rotation>
<Translation>-0.011770966353040688 0.019028291081384707 1.0391702104692313e-05</Translation>
</Transform>
</Instance>
</Instance>
<Instance name="PassiveArm 3.0-1" uid="PassiveArm 3.0-1" entityUid="PassiveArm 3.0*:*Default">
<Transform>
<Rotation>-0.86270660001390964 0.50167964769360229 -0.063677730663577792 0.45695222751896813 0.82727465577080095 0.32681998972638698 0.21663791002013771 0.25285208128335757 -0.94293893807222806</Rotation>
<Translation>-0.44688859731107289 -0.061325288507535908 -0.16697103418032119</Translation>
</Transform>
</Instance>
</Instance>
<Instance name="circlip for shafts normal_din-16" uid="circlip for shafts normal_din-16" entityUid="circlip for shafts normal_din*:*Circlip DIN 471 - 6 x 0.7">
<Transform>
<Rotation>0.81232228415535102 0.29345600370220004 -0.50400007991642948 -0.34101892995533262 0.94005364572905226 -0.0022874797567279392 0.47311583790521405 0.17373173873144726 0.8637005770986812</Rotation>
<Translation>-0.18725989593446729 -0.022859813871148701 -0.33713967736198708</Translation>
</Transform>
</Instance>
<Instance name="Bottom_Connecting_Rod-3" uid="Bottom_Connecting_Rod-3" entityUid="Bottom_Connecting_Rod*:*Default">
<Transform>
<Rotation>0.7469476905359943 -0.50400007991643914 0.43365085846469548 0.50092681419399954 -0.0022874797567140068 -0.86548662280696909 0.43719729462154105 0.86370057709867587 0.25075852666463766</Rotation>
<Translation>-0.20479909871557062 -0.022939418166348868 -0.3070828972791147</Translation>
</Transform>
</Instance>
<Instance name="basic external retaining ring_am-2" uid="basic external retaining ring_am-2" entityUid="basic external retaining ring_am*:*B27.7M - 3AM1-6">
<Transform>
<Rotation>-0.29766290476667612 -0.088310441025274911 0.95057775122910693 0.88730254356805571 0.34181760018471585 0.30960446440841261 -0.35226551250941812 0.93560782072932835 -0.023388340826013598</Rotation>
<Translation>0.061708060293931818 0.15801242486604375 0.1843304011880918</Translation>
</Transform>
</Instance>
<Instance name="circlip for shafts normal_din-12" uid="circlip for shafts normal_din-12" entityUid="circlip for shafts normal_din*:*Circlip DIN 471 - 6 x 0.7">
<Transform>
<Rotation>-0.2974018954408531 0.089185489046159902 -0.9505777512291067 0.88629341677796258 -0.34442568863896267 -0.30960446440841427 -0.35501562214110033 -0.93456775760196964 0.023388340826013987</Rotation>
<Translation>0.19989855361560471 -0.18949921111423124 -0.041676586954771472</Translation>
</Transform>
</Instance>
<Instance name="Passive Plus RodEnd-5" uid="Passive Plus RodEnd-5" entityUid="Passive Plus RodEnd">
<Transform>
<Rotation>1 0 0 0 1 0 0 0 1</Rotation>
<Translation>0.03372742719113804 -0.35005965924719185 -0.096085090085399935</Translation>
</Transform>
<Instance name="PassiveArm 3.0-1" uid="PassiveArm 3.0-1" entityUid="PassiveArm 3.0*:*Default">
<Transform>
<Rotation>0.64490362756573605 -0.76410032382426041 -0.015811587023909057 0.5704047108690915 0.46744820578573254 0.6753744448274952 -0.50866273401036799 -0.44457043315920108 0.73730546789627005</Rotation>
<Translation>0.060707406255247606 0.13163539187200091 0.009380656950728726</Translation>
</Transform>
</Instance>
<Instance name="145910-DEBearings-2" uid="145910-DEBearings-2" entityUid="145910-DEBearings">
<Transform>
<Rotation>0.72978621276739153 -0.46194805238126196 -0.50400007991644846 0.53371584271621908 0.84566078700036607 -0.0022874797567273841 0.42726980104887285 -0.26732345619320486 0.8637005770986701</Rotation>
<Translation>0.08053810569653079 0.11209671695638834 0.020899545707511596</Translation>
</Transform>
<Instance name="joint-145910-DEBearings-1" uid="joint-145910-DEBearings-1" grounded="true" entityUid="joint-145910-DEBearings*:*145910-DEBearings">
<Transform>
<Rotation>-0.86273290486524434 0.50565990039034858 1.1227905280860564e-16 -0.50565990039034858 -0.86273290486524423 -1.915651870166278e-16 0 -2.2204460492503131e-16 1</Rotation>
<Translation>0 0.013154928527444931 0</Translation>
</Transform>
</Instance>
<Instance name="rod-end-145910-DEBearings-1" uid="rod-end-145910-DEBearings-1" entityUid="rod-end-145910-DEBearings*:*145910-DEBearings">
<Transform>
<Rotation>-0.78756835200551167 0.49809688894907767 0.36281617954354345 -0.45242930295825434 -0.86712137871460415 0.20834644321608198 0.4183823810152989 -6.1606282962629191e-05 0.90827098349591417</Rotation>
<Translation>-0.0065524289738861791 0.024561848289042176 8.1042624911625838e-07</Translation>
</Transform>
</Instance>
</Instance>
<Instance name="145910-DEBearings-1" uid="145910-DEBearings-1" entityUid="145910-DEBearings">
<Transform>
<Rotation>0.2210103832432406 0.83494810014928766 -0.50400007991643314 -0.96704491584778574 0.25459555803138351 -0.0022874797567220828 0.12640625471718114 0.48789627164775867 0.8637005770986792</Rotation>
<Translation>-0.26967021168489491 0.32367955552111988 -0.18286802469216207</Translation>
</Transform>
<Instance name="rod-end-145910-DEBearings-1" uid="rod-end-145910-DEBearings-1" entityUid="rod-end-145910-DEBearings*:*145910-DEBearings">
<Transform>
<Rotation>-0.66839421138670585 -0.67711399964559038 -0.30784055884287742 0.61498403348438324 -0.73587813372094246 0.28333374467341804 -0.41838238101528924 6.1606282951987001e-05 0.90827098349591862</Rotation>
<Translation>0.0089073862702592974 0.022835352781472529 -8.1042622457339064e-07</Translation>
</Transform>
</Instance>
<Instance name="joint-145910-DEBearings-1" uid="joint-145910-DEBearings-1" grounded="true" entityUid="joint-145910-DEBearings*:*145910-DEBearings">
<Transform>
<Rotation>-0.86273290486524412 0.50565990039034858 0 -0.50565990039034892 -0.86273290486524423 0 0 0 1</Rotation>
<Translation>0 0.013154928527444931 0</Translation>
</Transform>
</Instance>
</Instance>
</Instance>
<Instance name="circlip for shafts normal_din-17" uid="circlip for shafts normal_din-17" entityUid="circlip for shafts normal_din*:*Circlip DIN 471 - 6 x 0.7">
<Transform>
<Rotation>0.89454528642303499 -0.018897460763357472 0.44657767131264797 -0.13351568447708673 0.94219415883522017 0.30731698465168944 -0.42657038403638048 -0.3345340835154007 0.84031223627266405</Rotation>
<Translation>0.33576717006152756 0.14701835654595152 -0.34988818102706443</Translation>
</Transform>
</Instance>
<Instance name="Bottom_Connecting_Rod-1" uid="Bottom_Connecting_Rod-1" entityUid="Bottom_Connecting_Rod*:*Default">
<Transform>
<Rotation>0.69082074854283859 -0.44657767131264692 -0.56862560342257351 0.47842782293793984 -0.30731698465170115 0.82259533744329572 -0.54210101606764716 -0.84031223627266061 0.0013542336817883027</Rotation>
<Translation>0.35130807302285588 0.15771298761244543 -0.32064531520495021</Translation>
</Transform>
</Instance>
<Instance name="Bottom_Connecting_Rod-2" uid="Bottom_Connecting_Rod-2" entityUid="Bottom_Connecting_Rod*:*Default">
<Transform>
<Rotation>-0.30968457400721372 -0.95057775122910693 0.022302544477804637 0.95083932496700718 -0.30960446440841277 0.0070465391977837565 0.00020668395341846835 0.02338834082601321 0.99972643397839056</Rotation>
<Translation>0.056574940437290291 0.15634056075828212 0.18445669822854532</Translation>
</Transform>
</Instance>
<Instance name="basic external retaining ring_am-4" uid="basic external retaining ring_am-4" entityUid="basic external retaining ring_am*:*B27.7M - 3AM1-6">
<Transform>
<Rotation>0.86369454385362499 -0.0039565593274308031 -0.50400007991642948 0.0032460991795529442 0.9999921151071538 -0.0022874797567254412 0.50400515647917243 0.00033964953914808471 0.86370057709868142</Rotation>
<Translation>-0.20227909831569019 -0.022927980767390485 -0.3114014001632126</Translation>
</Transform>
</Instance>
<Instance name="circlip for shafts normal_din-14" uid="circlip for shafts normal_din-14" entityUid="circlip for shafts normal_din*:*Circlip DIN 471 - 6 x 0.7">
<Transform>
<Rotation>-0.080524140588683901 -0.29986297145641133 -0.9505777512291067 0.31858075874978847 0.8959081290918105 -0.30960446440841383 0.94446924933364707 -0.32776641465614365 0.02338834082601593</Rotation>
<Translation>0.022829430268724263 0.14534960227165544 0.18528698432749152</Translation>
</Transform>
</Instance>
<Instance name="circlip for shafts normal_din-9" uid="circlip for shafts normal_din-9" entityUid="circlip for shafts normal_din*:*Circlip DIN 471 - 6 x 0.7">
<Transform>
<Rotation>-0.54699835406933306 0.70806862953417804 0.44657767131265247 -0.64944881161287782 -0.69553757054468945 0.30731698465169799 0.52821306471921092 -0.12192745314481923 0.8403122362726585</Rotation>
<Translation>0.19469392293947685 -0.21077102581506729 -0.14450780996982146</Translation>
</Transform>
</Instance>
<Instance name="circlip for shafts normal_din-13" uid="circlip for shafts normal_din-13" entityUid="circlip for shafts normal_din*:*Circlip DIN 471 - 6 x 0.7">
<Transform>
<Rotation>-0.42082921198546031 0.75424577810148719 -0.50400007991644069 -0.87261578577136611 -0.48840194293121297 -0.0022874797567188909 -0.24787994021767407 0.43883578746166357 0.86370057709867476</Rotation>
<Translation>0.11045663963471657 -0.22682804142039958 -0.082588817934605971</Translation>
</Transform>
</Instance>
<Instance name="circlip for shafts normal_din-11" uid="circlip for shafts normal_din-11" entityUid="circlip for shafts normal_din*:*Circlip DIN 471 - 6 x 0.7">
<Transform>
<Rotation>0.28169940841952379 0.13056562397623681 -0.95057775122910726 -0.89167010403262725 -0.33025672013272334 -0.30960446440841238 -0.35435839043337775 0.93481715679745214 0.023388340826015569</Rotation>
<Translation>0.1330729377043284 -0.21126440496204452 -0.040032386594634317</Translation>
</Transform>
</Instance>
<Instance name="Passive Plus RodEnd-6" uid="Passive Plus RodEnd-6" entityUid="Passive Plus RodEnd">
<Transform>
<Rotation>1 0 0 0 1 0 0 0 1</Rotation>
<Translation>0.096354401376161553 -0.35000593060760793 -0.092893342138610155</Translation>
</Transform>
<Instance name="145910-DEBearings-1" uid="145910-DEBearings-1" entityUid="145910-DEBearings">
<Transform>
<Rotation>-0.49074084281605751 0.71074421885542693 -0.50400007991643681 -0.82214161164673838 -0.56927843612354267 -0.0022874797567201399 -0.28854219031380729 0.41323687822884669 0.86370057709867731</Rotation>
<Translation>-0.29034328629535516 0.33464682877081026 -0.25417367982251537</Translation>
</Transform>
<Instance name="rod-end-145910-DEBearings-1" uid="rod-end-145910-DEBearings-1" entityUid="rod-end-145910-DEBearings*:*145910-DEBearings">
<Transform>
<Rotation>0.89279418837120916 0.11894394217604365 0.4344777046411194 0.10697886408044124 -0.99290096929365912 0.051992189949747199 0.43757749010964025 6.1606282958118449e-05 -0.8991807028367621</Rotation>
<Translation>-0.0015646990580969189 0.026216469813464371 -8.1042622857019353e-07</Translation>
</Transform>
</Instance>
<Instance name="joint-145910-DEBearings-1" uid="joint-145910-DEBearings-1" grounded="true" entityUid="joint-145910-DEBearings*:*145910-DEBearings">
<Transform>
<Rotation>-0.86273290486524412 0.5056599003903488 0 -0.5056599003903488 -0.86273290486524412 0 -1.1102230246251565e-16 0 0.99999999999999978</Rotation>
<Translation>0 0.013154928527444876 0</Translation>
</Transform>
</Instance>
</Instance>
<Instance name="145910-DEBearings-2" uid="145910-DEBearings-2" entityUid="145910-DEBearings">
<Transform>
<Rotation>-0.10360420408668354 -0.85746725205093266 -0.50400007991644902 0.99293615503167976 -0.11862781911198785 -0.0022874797567268845 -0.057826991331633194 -0.50067689400745818 0.86370057709866976</Rotation>
<Translation>0.063434164707732679 0.12491113439059282 -0.048318500611107026</Translation>
</Transform>
<Instance name="joint-145910-DEBearings-1" uid="joint-145910-DEBearings-1" grounded="true" entityUid="joint-145910-DEBearings*:*145910-DEBearings">
<Transform>
<Rotation>-0.86273290486524423 0.50565990039034869 0 -0.50565990039034869 -0.86273290486524412 0 0 0 0.99999999999999967</Rotation>
<Translation>0 0.013154928527444876 0</Translation>
</Transform>
</Instance>
<Instance name="rod-end-145910-DEBearings-1" uid="rod-end-145910-DEBearings-1" entityUid="rod-end-145910-DEBearings*:*145910-DEBearings">
<Transform>
<Rotation>0.73943392242938244 -0.56901840060609465 -0.35979929701484931 -0.51162819948673111 -0.82232478740236681 0.24903519733888574 -0.43757749010965297 -6.1606282968665514e-05 -0.89918070283675577</Rotation>
<Translation>0.0074853963907555721 0.023972552332047599 8.1042625733884766e-07</Translation>
</Transform>
</Instance>
</Instance>
<Instance name="PassiveArm 3.0-1" uid="PassiveArm 3.0-1" entityUid="PassiveArm 3.0*:*Default">
<Transform>
<Rotation>0.60321977985559183 -0.76410032382427451 0.22864074947963703 0.27348148615824097 0.46744820578570201 0.84065453762910702 -0.74922211254050086 -0.44457043315920908 0.49094129592139835</Rotation>
<Translation>0.038400438463533762 0.13176466161298123 -0.062907137163954976</Translation>
</Transform>
</Instance>
</Instance>
<Instance name="circlip for shafts normal_din-15" uid="circlip for shafts normal_din-15" entityUid="circlip for shafts normal_din*:*Circlip DIN 471 - 6 x 0.7">
<Transform>
<Rotation>0.8425281136344932 -0.19007971269900725 -0.50400007991642781 0.21877229666589454 0.97577325729284703 -0.0022874797567257743 0.49222460315087097 -0.10833398899869998 0.86370057709868231</Rotation>
<Translation>-0.2226911015525414 -0.023020623698085246 -0.27642152679195109</Translation>
</Transform>
</Instance>
<Instance name="circlip for shafts normal_din-18" uid="circlip for shafts normal_din-18" entityUid="circlip for shafts normal_din*:*Circlip DIN 471 - 6 x 0.7">
<Transform>
<Rotation>-0.021455471019640293 -0.30974441339843273 0.95057775122910715 -0.0096470667894134887 0.95081649634445276 0.30960446440841249 -0.99972326014036805 -0.0025275774409717275 -0.023388340826016707</Rotation>
<Translation>0.090320450606055772 0.16733151924479067 0.18362641212924874</Translation>
</Transform>
</Instance>
<Instance name="circlip for shafts normal_din-10" uid="circlip for shafts normal_din-10" entityUid="circlip for shafts normal_din*:*Circlip DIN 471 - 6 x 0.7">
<Transform>
<Rotation>-0.89289151760760677 -0.05755971915639204 0.44657767131264225 0.21348504178869898 -0.92735128612466089 0.30731698465170254 0.39644529851779364 0.36973838163433154 0.8403122362726626</Rotation>
<Translation>0.22608833323305449 -0.18916664179401593 -0.0854338597597845</Translation>
</Transform>
</Instance>
<Instance name="circlip for shafts normal_din-19" uid="circlip for shafts normal_din-19" entityUid="circlip for shafts normal_din*:*Circlip DIN 471 - 6 x 0.7">
<Transform>
<Rotation>-0.75503507061066422 -0.48009418412736088 -0.44657767131265419 -0.37449308330281827 0.87482066819602788 -0.30731698465168444 0.5382164738339934 -0.064794852142272499 -0.84031223627266272</Rotation>
<Translation>0.3668489759848243 0.16840761867749765 -0.29140244938248971</Translation>
</Transform>
</Instance>
<Instance name="basic external retaining ring_am-1" uid="basic external retaining ring_am-1" entityUid="basic external retaining ring_am*:*B27.7M - 3AM1-6">
<Transform>
<Rotation>0.012940137194494833 -0.31021684628272789 -0.95057775122910693 0.035757938889470264 0.95019284643947755 -0.30960446440841272 0.99927669974625388 -0.029984376892667513 0.023388340826016374</Rotation>
<Translation>0.051441820580049161 0.15466869665004113 0.18458299526769367</Translation>
</Transform>
</Instance>
<Instance name="basic external retaining ring_am-3" uid="basic external retaining ring_am-3" entityUid="basic external retaining ring_am*:*B27.7M - 3AM1-6">
<Transform>
<Rotation>0.8636945438536251 -0.0039565593274303815 -0.50400007991642903 0.0032460991795522781 0.9999921151071538 -0.0022874797567257925 0.5040051564791721 0.00033964953914868211 0.86370057709868164</Rotation>
<Translation>-0.20752069914702326 -0.022951770557349149 -0.30241891416264399</Translation>
</Transform>
</Instance>
<Instance name="basic external retaining ring_am-5" uid="basic external retaining ring_am-5" entityUid="basic external retaining ring_am*:*B27.7M - 3AM1-6">
<Transform>
<Rotation>0.88277403672562538 -0.14587111971913649 0.44657767131265019 0.0017794614235177029 0.95160554036934808 0.30731698465168394 -0.46979445888620935 -0.27049678735660893 0.84031223627266505</Rotation>
<Translation>0.35371959244831214 0.15937249932868289 -0.3161076291288718</Translation>
</Transform>
</Instance>
<Instance name="basic external retaining ring_am-6" uid="basic external retaining ring_am-6" entityUid="basic external retaining ring_am*:*B27.7M - 3AM1-6">
<Transform>
<Rotation>0.88277403672562538 -0.14587111971913702 0.44657767131265003 0.0017794614235184525 0.95160554036934797 0.30731698465168361 -0.4697944588862093 -0.2704967873566082 0.84031223627266505</Rotation>
<Translation>0.34907518466671528 0.15617640268830951 -0.32484687638597665</Translation>
</Transform>
</Instance>
</Instance>
<Instance name="BasePlatform 3.0-1" uid="BasePlatform 3.0-1" grounded="true" entityUid="BasePlatform 3.0*:*Default">
<Transform>
<Rotation>1 0 0 0 1 0 0 0 1</Rotation>
<Translation>6.9896341035119843e-15 -0.0074999999999820913 1.4417360125860503e-14</Translation>
</Transform>
</Instance>
<Instance name="Motor_Active_SSCPE-1" uid="Motor_Active_SSCPE-1" entityUid="Motor_Active_SSCPE">
<Transform>
<Rotation>-0.86602540378443627 -1.3723712560138435e-16 0.50000000000000411 0 0.99999999999999989 1.7181926976422095e-16 -0.50000000000000422 1.191659118919057e-16 -0.86602540378443615</Rotation>
<Translation>0.058711634035259849 0.035572449323612101 0.067383493327829114</Translation>
</Transform>
<Instance name="motor_mount-1" uid="motor_mount-1" grounded="true" entityUid="motor_mount*:*Default">
<Transform>
<Rotation>-1 0 0 0 1 0 0 0 -1</Rotation>
<Translation>-0.0054624867638685126 -0.029530402749429783 0</Translation>
</Transform>
</Instance>
<Instance name="NEMA344-1" uid="NEMA344-1" entityUid="NEMA344*:*Default">
<Transform>
<Rotation>1.0000000000000002 -1.6653345369377348e-16 2.1910017921549981e-14 -2.1910017921549974e-14 -3.2772501710483523e-16 1 -1.1102230246251565e-16 -1 -3.277250171048375e-16</Rotation>
<Translation>0.036537513237381518 0.058677550676405572 -0.0060000000034152318</Translation>
</Transform>
</Instance>
<Instance name="Active Arm 5.0-1" uid="Active Arm 5.0-1" entityUid="Active Arm 5.0*:*Default">
<Transform>
<Rotation>0.98853958041187973 -0.15096190896747677 -6.5573566728293044e-15 0.15096190896747677 0.98853958041187973 -8.1888460072793912e-16 6.6058269965196806e-15 -1.8041124150158725e-16 1</Rotation>
<Translation>-0.1277610391392715 -0.017587855205409106 0.028999999996933506</Translation>
</Transform>
</Instance>
</Instance>
<Instance name="Motor_Active_SSCPE-3" uid="Motor_Active_SSCPE-3" entityUid="Motor_Active_SSCPE">
<Transform>
<Rotation>0.86602540378443615 0 0.50000000000000422 1.1102230246247424e-16 0.99999999999999989 -1.1828506185576587e-16 -0.50000000000000433 1.5794901968650967e-16 0.86602540378443604</Rotation>
<Translation>-0.087711634035246108 0.035572449323612094 0.017154019908331986</Translation>
</Transform>
<Instance name="NEMA344-1" uid="NEMA344-1" entityUid="NEMA344*:*Default">
<Transform>
<Rotation>1 -1.3322676295501878e-15 2.0252380443167973e-14 -2.0252380443167891e-14 0 0.99999999999999978 -1.4432899320127035e-15 -0.99999999999999978 0</Rotation>
<Translation>0.036537513235311174 0.058677550676405718 -0.0060000000004640473</Translation>
</Transform>
</Instance>
<Instance name="motor_mount-1" uid="motor_mount-1" grounded="true" entityUid="motor_mount*:*Default">
<Transform>
<Rotation>-1 0 0 0 1 0 0 0 -1</Rotation>
<Translation>-0.0054624867638685126 -0.029530402749429776 0</Translation>
</Transform>
</Instance>
<Instance name="Active Arm 5.0-1" uid="Active Arm 5.0-1" entityUid="Active Arm 5.0*:*Default">
<Transform>
<Rotation>0.98884227947317416 -0.14896625901960781 5.3845816694320092e-15 0.14896625901960778 0.98884227947317405 -4.7845981388027458e-16 -5.3845816694320092e-15 1.3045120539345589e-15 0.99999999999999978</Rotation>
<Translation>-0.12782894565118805 -0.017341939089671844 0.028999999999682582</Translation>
</Transform>
</Instance>
</Instance>
</InstanceTree>
<Constraints>
<Coincident name="Coincident1">
<ConstraintGeometry geomType="plane">
<InstancePath>
<Uid>BasePlatform 3.0-1</Uid>
</InstancePath>
<Position>0 0.0074999999999999997 0</Position>
<Axis>0 1 0</Axis>
</ConstraintGeometry>
<ConstraintGeometry geomType="plane">
<InstancePath>
<Uid>Motor_Active_SSCPE-3</Uid>
<Uid>motor_mount-1</Uid>
</InstancePath>
