<?xml version="1.0" encoding="UTF-8" standalone="no" ?>
<SimscapeMultibodyImportXML version="2.0" xmlns="urn:mathworks:SimscapeMultibody:import" xmlns:xsi="http://www.w3.org/2001/XMLSchema-instance">
<Created by="" on="02/27/24||11:57:49" using="Simscape Multibody Link Version 7.4" from="SolidWorks 31.0.1"/>
<ModelUnits mass="kilogram" length="millimeter"/>
<DataUnits mass="kilogram" length="meter"/>
<RootAssembly name="Funtivities" uid="Funtivities" version="1355">
<AssemblyFile name="Funtivities.SLDASM" type="SolidWorks Assembly"/>
<InstanceTree>
<Instance name="PassivePlusRodFady-4" uid="PassivePlusRodFady-4" entityUid="PassivePlusRodFady" rigid="true">
<Transform>
<Rotation>0.96922511218920238 -0.10334447496667551 0.2234336621811725 0.15579218727228381 0.96023903150703049 -0.23166742704868559 -0.19060817476369102 0.25934710691330753 0.94678804483841672</Rotation>
<Translation>-0.2924661038343575 -0.25157278994646659 -0.035238931848183899</Translation>
</Transform>
<Instance name="phs-2" uid="phs-2" entityUid="phs*:*145910-DEBearings">
<Transform>
<Rotation>-0.97515569232342203 0 0.22152059888242334 0 -1 0 0.22152059888242334 0 0.97515569232342203</Rotation>
<Translation>-9.1946563486544619e-05 -0.14494725906296727 0.095231877461458211</Translation>
</Transform>
</Instance>
<Instance name="PassiveArm 3.0-1" uid="PassiveArm 3.0-1" grounded="true" entityUid="PassiveArm 3.0*:*Default">
<Transform>
<Rotation>1 0 0 0 1 0 0 0 1</Rotation>
<Translation>-9.1946563486544619e-05 -0.14010218759041212 0.095231877461458225</Translation>
</Transform>
</Instance>
<Instance name="phs-1" uid="phs-1" entityUid="phs*:*145910-DEBearings">
<Transform>
<Rotation>0.97515569232342203 0 0.22152059888242306 0 1 0 -0.22152059888242306 0 0.97515569232342203</Rotation>
<Translation>-9.194656348660013e-05 0.26474288388214312 0.095231877461458184</Translation>
</Transform>
</Instance>
</Instance>
<Instance name="PassivePlusRodFady-2" uid="PassivePlusRodFady-2" entityUid="PassivePlusRodFady" rigid="true">
<Transform>
<Rotation>0.52695409859398512 0.76434645275799651 -0.37160984665542496 -0.72997514552290332 0.63097418426651342 0.26269348242395435 0.43526505131220555 0.13283854465280787 0.89044834558816888</Rotation>
<Translation>0.027487768748639112 -0.35079064340674165 -0.049817330062944191</Translation>
</Transform>
<Instance name="phs-2" uid="phs-2" entityUid="phs*:*145910-DEBearings">
<Transform>
<Rotation>-0.97515569232342203 -1.0536176983367359e-16 0.22152059888242326 1.07552855510562e-16 -1 0 0.22152059888242326 0 0.97515569232342203</Rotation>
<Translation>-9.1946563486516864e-05 -0.14494725906296729 0.095231877461458156</Translation>
</Transform>
</Instance>
<Instance name="PassiveArm 3.0-1" uid="PassiveArm 3.0-1" grounded="true" entityUid="PassiveArm 3.0*:*Default">
<Transform>
<Rotation>1 0 0 0 1 0 0 0 1</Rotation>
<Translation>-9.1946563486516864e-05 -0.14010218759041215 0.095231877461458198</Translation>
</Transform>
</Instance>
<Instance name="phs-1" uid="phs-1" entityUid="phs*:*145910-DEBearings">
<Transform>
<Rotation>0.97515569232342214 1.1889477361132045e-16 0.22152059888242293 -1.2143064331837647e-16 1 0 -0.22152059888242293 0 0.97515569232342214</Rotation>
<Translation>-9.1946563486544619e-05 0.26474288388214318 0.095231877461458184</Translation>
</Transform>
</Instance>
</Instance>
<Instance name="PassivePlusRodFady-1" uid="PassivePlusRodFady-1" entityUid="PassivePlusRodFady" rigid="true">
<Transform>
<Rotation>0.54775676993849909 0.7643464527579974 -0.34020144200577479 -0.74407058781707358 0.63097418426651175 0.21961452396133752 0.38251990971986938 0.13283854465280961 0.91434809548794205</Rotation>
<Translation>-0.015501399860076681 -0.34668944934074297 0.017183834451485035</Translation>
</Transform>
<Instance name="phs-2" uid="phs-2" entityUid="phs*:*145910-DEBearings">
<Transform>
<Rotation>-0.97515569232342214 0 0.22152059888242331 0 -0.99999999999999989 0 0.22152059888242329 -1.1102230246251565e-16 0.97515569232342192</Rotation>
<Translation>-9.1946563486489108e-05 -0.14494725906296713 0.095231877461458198</Translation>
</Transform>
</Instance>
<Instance name="PassiveArm 3.0-1" uid="PassiveArm 3.0-1" grounded="true" entityUid="PassiveArm 3.0*:*Default">
<Transform>
<Rotation>1 0 0 0 1 0 0 0 1</Rotation>
<Translation>-9.1946563486544619e-05 -0.14010218759041204 0.095231877461458225</Translation>
</Transform>
</Instance>
<Instance name="phs-1" uid="phs-1" entityUid="phs*:*145910-DEBearings">
<Transform>
<Rotation>0.97515569232342214 0 0.22152059888242309 -1.5612511283791264e-16 1 0 -0.22152059888242304 0 0.97515569232342214</Rotation>
<Translation>-9.1946563486544619e-05 0.26474288388214307 0.095231877461458267</Translation>
</Transform>
</Instance>
</Instance>
<Instance name="PassivePlusRodFady-3" uid="PassivePlusRodFady-3" entityUid="PassivePlusRodFady" rigid="true">
<Transform>
<Rotation>0.95287811352432594 -0.10334447496667422 0.28520732855272912 0.17034624652603036 0.9602390315070306 -0.22118580122813641 -0.25100887845017517 0.25934710691330687 0.93259510028462134</Rotation>
<Translation>-0.25835042911094919 -0.25256963665647486 0.035389167573999361</Translation>
</Transform>
<Instance name="phs-2" uid="phs-2" entityUid="phs*:*145910-DEBearings">
<Transform>
<Rotation>-0.97515569232342214 0 0.22152059888242348 0 -0.99999999999999989 0 0.22152059888242331 0 0.97515569232342203</Rotation>
<Translation>-9.1946563486544619e-05 -0.14494725906296718 0.095231877461458198</Translation>
</Transform>
</Instance>
<Instance name="PassiveArm 3.0-1" uid="PassiveArm 3.0-1" grounded="true" entityUid="PassiveArm 3.0*:*Default">
<Transform>
<Rotation>1 0 0 0 1 0 0 0 1</Rotation>
<Translation>-9.1946563486489108e-05 -0.14010218759041204 0.095231877461458225</Translation>
</Transform>
</Instance>
<Instance name="phs-1" uid="phs-1" entityUid="phs*:*145910-DEBearings">
<Transform>
<Rotation>0.97515569232342214 0 0.22152059888242295 0 0.99999999999999989 0 -0.22152059888242298 0 0.97515569232342203</Rotation>
<Translation>-9.1946563486544619e-05 0.26474288388214307 0.095231877461458211</Translation>
</Transform>
</Instance>
</Instance>
<Instance name="BasePlatform 3.0-1" uid="BasePlatform 3.0-1" grounded="true" entityUid="BasePlatform 3.0*:*Default">
<Transform>
<Rotation>1 0 0 0 1 0 0 0 1</Rotation>
<Translation>0 -0.0074999999999999997 0</Translation>
</Transform>
</Instance>
<Instance name="Motor_Active_SSCPE-2" uid="Motor_Active_SSCPE-2" entityUid="Motor_Active_SSCPE">
<Transform>
<Rotation>0 0 -1 0 1 0 1 0 0</Rotation>
<Translation>0.029000000000000151 0.034072449323594212 -0.094537513236131493</Translation>
</Transform>
<Instance name="Active Arm 5.0-1" uid="Active Arm 5.0-1" entityUid="Active Arm 5.0*:*Default">
<Transform>
<Rotation>0.7033015812754253 -0.71089161324036343 0 0.71089161324036343 0.7033015812754253 0 0 0 0.99999999999999978</Rotation>
<Translation>-0.076568146411423926 -0.076503779725421703 0.029000000000004692</Translation>
</Transform>
</Instance>
<Instance name="NEMA344-1" uid="NEMA344-1" entityUid="NEMA344*:*Default">
<Transform>
<Rotation>1 0 2.120525977034049e-14 -2.1149748619109232e-14 0 1 0 -1 0</Rotation>
<Translation>0.036537513236131372 0.058677550676405683 -0.0059999999999999984</Translation>
</Transform>
</Instance>
<Instance name="motor_mount-1" uid="motor_mount-1" grounded="true" entityUid="motor_mount*:*Default">
<Transform>
<Rotation>-1 -1.1102230246251568e-16 0 0 1 0 0 0 -1</Rotation>
<Translation>-0.0054624867638685126 -0.029530402749429793 0</Translation>
</Transform>
</Instance>
</Instance>
<Instance name="Motor_Active_SSCPE-3" uid="Motor_Active_SSCPE-3" entityUid="Motor_Active_SSCPE">
<Transform>
<Rotation>0.86602540378443615 0 0.50000000000000422 1.1102230246247424e-16 0.99999999999999989 -1.1828506185576587e-16 -0.50000000000000433 1.5794901968650967e-16 0.86602540378443604</Rotation>
<Translation>-0.096371888073098905 0.034072449323594163 0.022154019908315156</Translation>
</Transform>
<Instance name="NEMA344-1" uid="NEMA344-1" entityUid="NEMA344*:*Default">
<Transform>
<Rotation>1 0 2.1149748619109188e-14 -2.1149748619109188e-14 0 1 0 -1 0</Rotation>
<Translation>0.036537513236135154 0.058677550676405621 -0.0060000000000018511</Translation>
</Transform>
</Instance>
<Instance name="motor_mount-1" uid="motor_mount-1" grounded="true" entityUid="motor_mount*:*Default">
<Transform>
<Rotation>-1 0 0 0 1 0 0 0 -1</Rotation>
<Translation>-0.0054624867638685126 -0.02953040274942979 0</Translation>
</Transform>
</Instance>
<Instance name="Active Arm 5.0-1" uid="Active Arm 5.0-1" entityUid="Active Arm 5.0*:*Default">
<Transform>
<Rotation>0.96874788525063393 -0.24804744470045342 5.6426919712053217e-15 0.24804744470045342 0.96874788525063393 3.417459470395427e-16 -5.5511151231257819e-15 1.0685896612017126e-15 0.99999999999999989</Rotation>
<Translation>-0.11417674207160489 -0.027004194627733562 0.029000000000004938</Translation>
</Transform>
</Instance>
</Instance>
<Instance name="Motor_Active_SSCPE-1" uid="Motor_Active_SSCPE-1" entityUid="Motor_Active_SSCPE">
<Transform>
<Rotation>-0.86602540378443627 -1.3723712560138435e-16 0.50000000000000411 0 0.99999999999999989 1.7181926976422095e-16 -0.50000000000000422 1.191659118919057e-16 -0.86602540378443615</Rotation>
<Translation>0.06737188807309967 0.034072449323594156 0.07238349332781055</Translation>
</Transform>
<Instance name="Active Arm 5.0-1" uid="Active Arm 5.0-1" entityUid="Active Arm 5.0*:*Default">
<Transform>
<Rotation>0.48911542311526351 -0.87221906816508932 -4.8956856037267853e-15 0.87221906816508921 0.48911542311526357 0 2.3869795029440866e-15 -4.2743586448068535e-15 0.99999999999999989</Rotation>
<Translation>-0.049402046927048332 -0.091933470002104029 0.029000000000000407</Translation>
</Transform>
</Instance>
<Instance name="NEMA344-1" uid="NEMA344-1" entityUid="NEMA344*:*Default">
<Transform>
<Rotation>1 0 2.1149748619109232e-14 -2.1149748619109223e-14 0 0.99999999999999978 0 -0.99999999999999978 0</Rotation>
<Translation>0.036537513236131483 0.058677550676405656 -0.0060000000000049389</Translation>
</Transform>
</Instance>
<Instance name="motor_mount-1" uid="motor_mount-1" grounded="true" entityUid="motor_mount*:*Default">
<Transform>
<Rotation>-1 0 0 0 1 0 0 0 -1</Rotation>
<Translation>-0.0054624867638685126 -0.029530402749429786 0</Translation>
</Transform>
</Instance>
</Instance>
<Instance name="Ta7t-1" uid="Ta7t-1" entityUid="Ta7t" rigid="true">
<Transform>
<Rotation>0.499999999999999 -1.870031907102998e-15 0.86602540378443893 -9.7144514654701197e-15 1 7.6466610821057657e-15 -0.86602540378443926 -1.2115308756222021e-14 0.499999999999999</Rotation>
<Translation>-0.19731239259589453 -0.41594940154944277 0.016467836101457807</Translation>
</Transform>
<Instance name="RodPlusTwoSpheres-2" uid="RodPlusTwoSpheres-2" entityUid="RodPlusTwoSpheres" rigid="true">
<Transform>
<Rotation>0 1 0 -0.53976718356547504 0 -0.8418143426823963 -0.8418143426823963 0 0.53976718356547504</Rotation>
<Translation>-0.0070623595609630857 -0.014595250639644175 0.023143986816114764</Translation>
</Transform>
<Instance name="Sphere-1" uid="Sphere-1" entityUid="Sphere*:*145910-DEBearings">
<Transform>
<Rotation>0.99999999999999989 0 -1.1102230246251565e-16 1.1102230246251565e-16 0 0.99999999999999989 0 -1 0</Rotation>
<Translation>-0.032146369721147039 -0.036489288770931105 0.014578075774068111</Translation>
</Transform>
</Instance>
<Instance name="Sphere-2" uid="Sphere-2" entityUid="Sphere*:*145910-DEBearings">
<Transform>
<Rotation>0.99999999999999989 0 -1.1102230246251565e-16 1.1102230246251565e-16 0 0.99999999999999989 0 -1 0</Rotation>
<Translation>-0.032146369721147039 0.043510711229068855 0.014578075774068111</Translation>
</Transform>
</Instance>
<Instance name="ROd-1" uid="ROd-1" grounded="true" entityUid="ROd*:*Default">
<Transform>
<Rotation>1 0 0 0 1 0 0 0 1</Rotation>
<Translation>-0.032146369721147039 0.0035107112290688747 0.014578075774068167</Translation>
</Transform>
</Instance>
</Instance>
<Instance name="RodPlusTwoSpheres-3" uid="RodPlusTwoSpheres-3" entityUid="RodPlusTwoSpheres" rigid="true">
<Transform>
<Rotation>0.75000000000000011 -0.49999999999999994 -0.4330127018922193 0.49999999999999983 1.3514285308915531e-16 0.86602540378443871 -0.4330127018922193 -0.86602540378443837 0.24999999999999997</Rotation>
<Translation>0.07169777332254379 -0.0060675275667915196 -0.031052451806295789</Translation>
</Transform>
<Instance name="Sphere-1" uid="Sphere-1" entityUid="Sphere*:*145910-DEBearings">
<Transform>
<Rotation>1 0 0 0 0 1 0 -1 0</Rotation>
<Translation>-0.032146369721147039 -0.036489288770931105 0.014578075774068167</Translation>
</Transform>
</Instance>
<Instance name="Sphere-2" uid="Sphere-2" entityUid="Sphere*:*145910-DEBearings">
<Transform>
<Rotation>1 0 0 0 0 1 0 -1 0</Rotation>
<Translation>-0.032146369721147067 0.043510711229068882 0.014578075774068111</Translation>
</Transform>
</Instance>
<Instance name="ROd-1" uid="ROd-1" grounded="true" entityUid="ROd*:*Default">
<Transform>
<Rotation>1 0 0 0 1 0 0 0 1</Rotation>
<Translation>-0.032146369721147011 0.0035107112290688747 0.014578075774068167</Translation>
</Transform>
</Instance>
</Instance>
<Instance name="playe-1" uid="playe-1" grounded="true" entityUid="playe*:*Default">
<Transform>
<Rotation>1 0 0 0 1 0 0 0 1</Rotation>
<Translation>-0.0035516483318941972 -0.0095157284687275023 0.0083390018959576817</Translation>
</Transform>
</Instance>
<Instance name="RodPlusTwoSpheres-1" uid="RodPlusTwoSpheres-1" entityUid="RodPlusTwoSpheres" rigid="true">
<Transform>
<Rotation>-0.056320275907403364 0.50000000000000056 0.86419212361703091 -0.9978831104036946 5.451298426803248e-16 -0.065033052911947151 -0.03251652645597404 -0.86602540378443826 0.49894155520184746</Rotation>
<Translation>-0.062787551389711344 -0.040645991101083634 -0.021807042533863813</Translation>
</Transform>
<Instance name="Sphere-1" uid="Sphere-1" entityUid="Sphere*:*145910-DEBearings">
<Transform>
<Rotation>1.0000000000000002 0 0 0 0 1 0 -1 0</Rotation>
<Translation>-0.032146369721147039 -0.036489288770931119 0.014578075774068111</Translation>
</Transform>
</Instance>
<Instance name="Sphere-2" uid="Sphere-2" entityUid="Sphere*:*145910-DEBearings">
<Transform>
<Rotation>1.0000000000000002 0 0 0 0 1 0 -1 0</Rotation>
<Translation>-0.032146369721147094 0.043510711229068882 0.014578075774068139</Translation>
</Transform>
</Instance>
<Instance name="ROd-1" uid="ROd-1" grounded="true" entityUid="ROd*:*Default">
<Transform>
<Rotation>1 0 0 0 1 0 0 0 1</Rotation>
<Translation>-0.032146369721147039 0.0035107112290688886 0.014578075774068139</Translation>
</Transform>
</Instance>
</Instance>
</Instance>
<Instance name="RodPlusTwoSpheres-1" uid="RodPlusTwoSpheres-1" entityUid="RodPlusTwoSpheres" rigid="true">
<Transform>
<Rotation>0.19111930930766641 -0.500000000000005 -0.84467355209557471 0.97534500535947821 -3.1056971230847275e-16 0.22068556935223402 -0.11034278467611837 -0.86602540378443593 0.48767250267974382</Rotation>
<Translation>-0.25978355449373264 0.021335717914594314 0.15403992526429622</Translation>
</Transform>
<Instance name="Sphere-1" uid="Sphere-1" entityUid="Sphere*:*145910-DEBearings">
<Transform>
<Rotation>1 0 0 0 0 1 0 -1 0</Rotation>
<Translation>-0.032146369721147032 -0.036489288770931161 0.014578075774068111</Translation>
</Transform>
</Instance>
<Instance name="Sphere-2" uid="Sphere-2" entityUid="Sphere*:*145910-DEBearings">
<Transform>
<Rotation>1 0 0 0 0 1 0 -1 0</Rotation>
<Translation>-0.032146369721147046 0.043510711229068855 0.014578075774068111</Translation>
</Transform>
</Instance>
<Instance name="ROd-1" uid="ROd-1" grounded="true" entityUid="ROd*:*Default">
<Transform>
<Rotation>1 0 0 0 1 0 0 0 1</Rotation>
<Translation>-0.032146369721147046 0.0035107112290688747 0.014578075774068111</Translation>
</Transform>
</Instance>
</Instance>
<Instance name="RodPlusTwoSpheres-2" uid="RodPlusTwoSpheres-2" entityUid="RodPlusTwoSpheres" rigid="true">
<Transform>
<Rotation>0.7930944379929411 -0.50000000000000533 -0.3478522853520668 -0.40166522117248549 8.488760909475257e-16 -0.9157865745360424 0.45789328726802636 0.86602540378443538 -0.20083261058624419</Rotation>
<Translation>0.21678190051055904 -0.14992205830544719 0.12110526846891197</Translation>
</Transform>
<Instance name="Sphere-1" uid="Sphere-1" entityUid="Sphere*:*145910-DEBearings">
<Transform>
<Rotation>1 0 1.1102230246251565e-16 -1.1102230246251565e-16 0 1 0 -1 0</Rotation>
<Translation>-0.032146369721147039 -0.036489288770931126 0.01457807577406809</Translation>
</Transform>
</Instance>
<Instance name="Sphere-2" uid="Sphere-2" entityUid="Sphere*:*145910-DEBearings">
<Transform>
<Rotation>1 0 1.1102230246251565e-16 -1.1102230246251565e-16 0 1 0 -1 0</Rotation>
<Translation>-0.032146369721147039 0.043510711229068855 0.014578075774068118</Translation>
</Transform>
</Instance>
<Instance name="ROd-1" uid="ROd-1" grounded="true" entityUid="ROd*:*Default">
<Transform>
<Rotation>1 0 0 0 1 0 0 0 1</Rotation>
<Translation>-0.032146369721147094 0.0035107112290688747 0.014578075774068111</Translation>
</Transform>
</Instance>
</Instance>
<Instance name="RodPlusTwoSpheres-3" uid="RodPlusTwoSpheres-3" entityUid="RodPlusTwoSpheres" rigid="true">
<Transform>
<Rotation>0 1 0 -0.747039602957695 0 0.66477953609659901 0.66477953609659901 1.1103834074297403e-16 0.747039602957695</Rotation>
<Translation>-0.0035107112290688777 -0.14696088876856445 -0.25177951488108113</Translation>
</Transform>
<Instance name="Sphere-1" uid="Sphere-1" entityUid="Sphere*:*145910-DEBearings">
<Transform>
<Rotation>1 0 0 0 0 1 0 -1 0</Rotation>
<Translation>-0.032146369721147053 -0.036489288770931119 0.014578075774068111</Translation>
</Transform>
</Instance>
<Instance name="Sphere-2" uid="Sphere-2" entityUid="Sphere*:*145910-DEBearings">
<Transform>
<Rotation>1 0 0 0 0 1 0 -1 0</Rotation>
<Translation>-0.032146369721147025 0.043510711229068876 0.014578075774068167</Translation>
</Transform>
</Instance>
<Instance name="ROd-1" uid="ROd-1" grounded="true" entityUid="ROd*:*Default">
<Transform>
<Rotation>1 0 0 0 1 0 0 0 1</Rotation>
<Translation>-0.032146369721147053 0.0035107112290688742 0.014578075774068111</Translation>
</Transform>
</Instance>
</Instance>
<Instance name="PassivePlusRodFady-5" uid="PassivePlusRodFady-5" entityUid="PassivePlusRodFady" rigid="true">
<Transform>
<Rotation>0.16553770162495032 0.44006061760949616 0.88257799778256296 -0.65774480620233988 0.71607811691028889 -0.23367477483900806 -0.73482585641400455 -0.54182910895536396 0.40798551130409172</Rotation>
<Translation>-0.24632622207350555 -0.29005880310030824 -0.15060703054563576</Translation>
</Transform>
<Instance name="phs-2" uid="phs-2" entityUid="phs*:*145910-DEBearings">
<Transform>
<Rotation>-0.97515569232342192 0 0.22152059888242343 0 -1 0 0.22152059888242343 0 0.97515569232342192</Rotation>
<Translation>-9.194656348660013e-05 -0.14494725906296729 0.095231877461458211</Translation>
</Transform>
</Instance>
<Instance name="PassiveArm 3.0-1" uid="PassiveArm 3.0-1" grounded="true" entityUid="PassiveArm 3.0*:*Default">
<Transform>
<Rotation>1 0 0 0 1 0 0 0 1</Rotation>
<Translation>-9.194656348660013e-05 -0.1401021875904121 0.095231877461458211</Translation>
</Transform>
</Instance>
<Instance name="phs-1" uid="phs-1" entityUid="phs*:*145910-DEBearings">
<Transform>
<Rotation>0.97515569232342214 0 0.22152059888242306 0 1 0 -0.22152059888242306 0 0.97515569232342214</Rotation>
<Translation>-9.194656348660013e-05 0.26474288388214312 0.095231877461458184</Translation>
</Transform>
</Instance>
</Instance>
<Instance name="PassivePlusRodFady-6" uid="PassivePlusRodFady-6" entityUid="PassivePlusRodFady" rigid="true">
<Transform>
<Rotation>0.06038880390879988 0.44006061760949777 0.89593517912380904 -0.62562837427729612 0.71607811691028644 -0.30955010544557354 -0.77778038652412163 -0.54182910895536562 0.3185575097639709</Rotation>
<Translation>-0.16760791961002564 -0.28283009991808977 -0.14209458358277222</Translation>
</Transform>
<Instance name="phs-2" uid="phs-2" entityUid="phs*:*145910-DEBearings">
<Transform>
<Rotation>-0.97515569232342214 0 0.22152059888242348 1.1102230246251565e-16 -1 0 0.22152059888242337 0 0.97515569232342192</Rotation>
<Translation>-9.1946563486544619e-05 -0.14494725906296718 0.09523187746145817</Translation>
</Transform>
</Instance>
<Instance name="PassiveArm 3.0-1" uid="PassiveArm 3.0-1" grounded="true" entityUid="PassiveArm 3.0*:*Default">
<Transform>
<Rotation>1 0 0 0 1 0 0 0 1</Rotation>
<Translation>-9.1946563486489108e-05 -0.14010218759041204 0.095231877461458211</Translation>
</Transform>
</Instance>
<Instance name="phs-1" uid="phs-1" entityUid="phs*:*145910-DEBearings">
<Transform>
<Rotation>0.97515569232342214 0 0.22152059888242312 0 1 0 -0.22152059888242309 0 0.97515569232342214</Rotation>
<Translation>-9.1946563486544619e-05 0.26474288388214307 0.095231877461458184</Translation>
</Transform>
</Instance>
</Instance>
</InstanceTree>
<Constraints>
<Coincident name="Coincident1">
<ConstraintGeometry geomType="plane">
<InstancePath>
<Uid>BasePlatform 3.0-1</Uid>
</InstancePath>
<Position>0.03999999999999998 0.0060000000000000001 -0.20000000000000012</Position>
<Axis>0 1 0</Axis>
</ConstraintGeometry>
<ConstraintGeometry geomType="plane">
<InstancePath>
<Uid>Motor_Active_SSCPE-3</Uid>
<Uid>motor_mount-1</Uid>
</InstancePath>
<Position>-0.050000000000000003 -0.0060420465741644102 0.0060000000000000019</Position>
<Axis>-1.1102230246247838e-16 -0.99999999999999989 0</Axis>
</ConstraintGeometry>
</Coincident>
<Coincident name="Coincident2">
<ConstraintGeometry geomType="plane">
<InstancePath>
<Uid>BasePlatform 3.0-1</Uid>
</InstancePath>
<Position>0.03999999999999998 0.0060000000000000001 -0.20000000000000012</Position>
<Axis>0 1 0</Axis>
</ConstraintGeometry>
<ConstraintGeometry geomType="plane">
<InstancePath>
<Uid>Motor_Active_SSCPE-1</Uid>
<Uid>motor_mount-1</Uid>
</InstancePath>
<Position>-0.050000000000000017 -0.0060420465741644093 0.0059999999999999984</Position>
<Axis>-1.110223024625157e-16 -0.99999999999999989 0</Axis>
</ConstraintGeometry>
</Coincident>
<Coincident name="Coincident3">
<ConstraintGeometry geomType="plane">
<InstancePath>
<Uid>BasePlatform 3.0-1</Uid>
</InstancePath>
<Position>0.03999999999999998 0.0060000000000000001 -0.20000000000000012</Position>
<Axis>0 1 0</Axis>
</ConstraintGeometry>
<ConstraintGeometry geomType="plane">
<InstancePath>
<Uid>Motor_Active_SSCPE-2</Uid>
<Uid>motor_mount-1</Uid>
</InstancePath>
<Position>-0.050000000000000003 -0.006042046574164411 0.0059999999999999984</Position>
<Axis>-1.1102230246251568e-16 -1 0</Axis>
</ConstraintGeometry>
</Coincident>
<Parallel name="Parallel1">
<ConstraintGeometry geomType="plane">
<InstancePath>
<Uid>BasePlatform 3.0-1</Uid>
</InstancePath>
<Position>-0.13990381056766554 0.0060000000000000001 0.057679491924312008</Position>
<Axis>0.50000000000000422 0 0.86602540378443638</Axis>
</ConstraintGeometry>
<ConstraintGeometry geomType="plane">
<InstancePath>
<Uid>Motor_Active_SSCPE-3</Uid>
<Uid>motor_mount-1</Uid>
</InstancePath>
<Position>0 0 0</Position>
<Axis>0 0 -1</Axis>
</ConstraintGeometry>
</Parallel>
<Coincident name="Coincident5">
<ConstraintGeometry geomType="plane">
<InstancePath>
<Uid>BasePlatform 3.0-1</Uid>
</InstancePath>
<Position>-0.033301270189221778 0.0060000000000000001 0.042320508075689107</Position>
<Axis>-0.86602540378443615 0 0.50000000000000444</Axis>
</ConstraintGeometry>
<ConstraintGeometry geomType="plane">
<InstancePath>
<Uid>Motor_Active_SSCPE-3</Uid>
<Uid>motor_mount-1</Uid>
</InstancePath>
<Position>-0.050000000000000003 -0.0060420465741644102 0.0060000000000000019</Position>
<Axis>-1 -1.1102230246247834e-16 0</Axis>
</ConstraintGeometry>
</Coincident>
<Parallel name="Parallel2">
<ConstraintGeometry geomType="plane">
<InstancePath>
<Uid>BasePlatform 3.0-1</Uid>
</InstancePath>
<Position>0.019999999999999518 0.0060000000000000001 -0.15000000000000008</Position>
<Axis>-1 0 5.065392549852272e-15</Axis>
</ConstraintGeometry>
<ConstraintGeometry geomType="plane">
<InstancePath>
<Uid>Motor_Active_SSCPE-2</Uid>
<Uid>motor_mount-1</Uid>
</InstancePath>
<Position>0 0 0</Position>
<Axis>0 0 -1</Axis>
</ConstraintGeometry>
</Parallel>
<Coincident name="Coincident7">
<ConstraintGeometry geomType="plane">
<InstancePath>
<Uid>BasePlatform 3.0-1</Uid>
</InstancePath>
<Position>0.020000000000000025 0.0060000000000000001 -0.049999999999999996</Position>
<Axis>0 0 -1</Axis>
</ConstraintGeometry>
<ConstraintGeometry geomType="plane">
<InstancePath>
<Uid>Motor_Active_SSCPE-2</Uid>
<Uid>motor_mount-1</Uid>
</InstancePath>
<Position>-0.050000000000000003 -0.006042046574164411 0.0059999999999999984</Position>
<Axis>-1 -1.1102230246251568e-16 0</Axis>
</ConstraintGeometry>
</Coincident>
<Parallel name="Parallel3">
<ConstraintGeometry geomType="plane">
<InstancePath>
<Uid>BasePlatform 3.0-1</Uid>
</InstancePath>
<Position>0.11990381056766677 0.0060000000000000001 0.092320508075687396</Position>
<Axis>0.49999999999998307 0 -0.86602540378444848</Axis>
</ConstraintGeometry>
<ConstraintGeometry geomType="plane">
<InstancePath>
<Uid>Motor_Active_SSCPE-1</Uid>
<Uid>motor_mount-1</Uid>
</InstancePath>
<Position>0 0 0</Position>
<Axis>0 0 -1</Axis>
</ConstraintGeometry>
</Parallel>
<Coincident name="Coincident9">
<ConstraintGeometry geomType="plane">
<InstancePath>
<Uid>BasePlatform 3.0-1</Uid>
</InstancePath>
<Position>0.053301270189221941 0.0060000000000000001 0.0076794919243115059</Position>
<Axis>0.86602540378443615 0 0.50000000000000455</Axis>
</ConstraintGeometry>
<ConstraintGeometry geomType="plane">
<InstancePath>
<Uid>Motor_Active_SSCPE-1</Uid>
<Uid>motor_mount-1</Uid>
</InstancePath>
<Position>-0.050000000000000017 -0.0060420465741644093 0.0059999999999999984</Position>
<Axis>-1 -1.1102230246251568e-16 0</Axis>
</ConstraintGeometry>
</Coincident>
<Coincident name="Coincident10">
<ConstraintGeometry geomType="plane">
<InstancePath>
<Uid>BasePlatform 3.0-1</Uid>
</InstancePath>
<Position>0 0 0</Position>
<Axis>1 0 0</Axis>
</ConstraintGeometry>
<ConstraintGeometry geomType="plane">
<InstancePath>
<Uid>Motor_Active_SSCPE-2</Uid>
<Uid>Active Arm 5.0-1</Uid>
</InstancePath>
<Position>0 0 0</Position>
<Axis>0 0 0.99999999999999978</Axis>
</ConstraintGeometry>
</Coincident>
<Coincident name="Coincident11">
<ConstraintGeometry geomType="plane">
<InstancePath>
<Uid>BasePlatform 3.0-1</Uid>
</InstancePath>
<Position>0 0 0</Position>
<Axis>-0.50000000000000466 0 -0.86602540378443604</Axis>
</ConstraintGeometry>
<ConstraintGeometry geomType="plane">
<InstancePath>
<Uid>Motor_Active_SSCPE-3</Uid>
<Uid>Active Arm 5.0-1</Uid>
</InstancePath>
<Position>0 0 0</Position>
<Axis>-2.7755575615628914e-16 0 1</Axis>
</ConstraintGeometry>
</Coincident>
<Coincident name="Coincident12">
<ConstraintGeometry geomType="plane">
<InstancePath>
<Uid>BasePlatform 3.0-1</Uid>
</InstancePath>
<Position>0 0 0</Position>
<Axis>-0.500000000000004 0 0.86602540378443627</Axis>
</ConstraintGeometry>
<ConstraintGeometry geomType="plane">
<InstancePath>
<Uid>Motor_Active_SSCPE-1</Uid>
<Uid>Active Arm 5.0-1</Uid>
</InstancePath>
<Position>0 0 0</Position>
<Axis>0 0 1</Axis>
</ConstraintGeometry>
</Coincident>
<Concentric name="Concentric1">
<ConstraintGeometry geomType="cylinder">
<InstancePath>
<Uid>Motor_Active_SSCPE-3</Uid>
<Uid>Active Arm 5.0-1</Uid>
</InstancePath>
<Position>-0.11445654743626338 0.01498995493556967 0.0050000000000000322</Position>
<Axis>2.7755575615628914e-16 0 -1</Axis>
</ConstraintGeometry>
<ConstraintGeometry geomType="cylinder">
<InstancePath>
<Uid>RodPlusTwoSpheres-1</Uid>
<Uid>ROd-1</Uid>
</InstancePath>
<Position>0 0.044499999999999998 0</Position>
<Axis>0 -1 0</Axis>
</ConstraintGeometry>
</Concentric>
<Coincident name="Coincident27">
<ConstraintGeometry geomType="plane">
<InstancePath>
<Uid>Motor_Active_SSCPE-3</Uid>
<Uid>Active Arm 5.0-1</Uid>
</InstancePath>
<Position>-0.11445654743626338 0.01498995493556967 0.0050000000000000322</Position>
<Axis>-2.7755575615628914e-16 0 1</Axis>
</ConstraintGeometry>
<ConstraintGeometry geomType="plane">
<InstancePath>
<Uid>RodPlusTwoSpheres-1</Uid>
<Uid>ROd-1</Uid>
</InstancePath>
<Position>0 -0.0049999999999999767 0</Position>
<Axis>0 -1 0</Axis>
</ConstraintGeometry>
</Coincident>
<Concentric name="Concentric2">
<ConstraintGeometry geomType="cylinder">
<InstancePath>
<Uid>Motor_Active_SSCPE-1</Uid>
<Uid>Active Arm 5.0-1</Uid>
</InstancePath>
<Position>-0.11445654743626331 0.014989954935569677 0.0050000000000000044</Position>
<Axis>0 0 -1</Axis>
</ConstraintGeometry>
<ConstraintGeometry geomType="cylinder">
<InstancePath>
<Uid>RodPlusTwoSpheres-2</Uid>
<Uid>ROd-1</Uid>
</InstancePath>
<Position>0 0.044499999999999984 0</Position>
<Axis>1.1102230246251565e-16 -1 0</Axis>
</ConstraintGeometry>
</Concentric>
<Coincident name="Coincident28">
<ConstraintGeometry geomType="plane">
<InstancePath>
<Uid>Motor_Active_SSCPE-1</Uid>
<Uid>Active Arm 5.0-1</Uid>
</InstancePath>
<Position>-0.11445654743626331 0.014989954935569677 0.0050000000000000044</Position>
<Axis>0 0 1</Axis>
</ConstraintGeometry>
<ConstraintGeometry geomType="plane">
<InstancePath>
<Uid>RodPlusTwoSpheres-2</Uid>
<Uid>ROd-1</Uid>
</InstancePath>
<Position>0 -0.0050000000000000044 0</Position>
<Axis>1.1102230246251565e-16 -1 0</Axis>
</ConstraintGeometry>
</Coincident>
<Concentric name="Concentric3">
<ConstraintGeometry geomType="cylinder">
<InstancePath>
<Uid>Motor_Active_SSCPE-2</Uid>
<Uid>Active Arm 5.0-1</Uid>
</InstancePath>
<Position>-0.1144565474362633 0.014989954935569635 0.0049999999999999984</Position>
<Axis>0 0 -0.99999999999999978</Axis>
</ConstraintGeometry>
<ConstraintGeometry geomType="cylinder">
<InstancePath>
<Uid>RodPlusTwoSpheres-3</Uid>
<Uid>ROd-1</Uid>
</InstancePath>
<Position>0 0.044500000000000005 0</Position>
<Axis>0 -1 0</Axis>
</ConstraintGeometry>
</Concentric>
<Coincident name="Coincident29">
<ConstraintGeometry geomType="plane">
<InstancePath>
<Uid>Motor_Active_SSCPE-2</Uid>
<Uid>Active Arm 5.0-1</Uid>
</InstancePath>
<Position>-0.1144565474362633 0.014989954935569635 -0.0049999999999999984</Position>
<Axis>0 0 -0.99999999999999978</Axis>
</ConstraintGeometry>
<ConstraintGeometry geomType="plane">
<InstancePath>
<Uid>RodPlusTwoSpheres-3</Uid>
<Uid>ROd-1</Uid>
</InstancePath>
<Position>0 0.0049999999999999992 0</Position>
<Axis>0 1 0</Axis>
</ConstraintGeometry>
</Coincident>
<Concentric name="Concentric5">
<ConstraintGeometry geomType="sphere">
<InstancePath>
<Uid>RodPlusTwoSpheres-2</Uid>
<Uid>Sphere-2</Uid>
</InstancePath>
<Position>0 0 0</Position>
</ConstraintGeometry>
<ConstraintGeometry geomType="sphere">
<InstancePath>
<Uid>PassivePlusRodFady-1</Uid>
<Uid>phs-1</Uid>
</InstancePath>
<Position>0 0.01315492852744491 0</Position>
</ConstraintGeometry>
</Concentric>
<Concentric name="Concentric6">
<ConstraintGeometry geomType="sphere">
<InstancePath>
<Uid>Ta7t-1</Uid>
<Uid>RodPlusTwoSpheres-2</Uid>
<Uid>Sphere-1</Uid>
</InstancePath>
<Position>0 0 0</Position>
</ConstraintGeometry>
<ConstraintGeometry geomType="sphere">
<InstancePath>
<Uid>PassivePlusRodFady-1</Uid>
<Uid>phs-2</Uid>
</InstancePath>
<Position>0 0.013154928527444931 0</Position>
</ConstraintGeometry>
</Concentric>
<Concentric name="Concentric7">
<ConstraintGeometry geomType="sphere">
<InstancePath>
<Uid>RodPlusTwoSpheres-2</Uid>
<Uid>Sphere-1</Uid>
</InstancePath>
<Position>0 0 0</Position>
</ConstraintGeometry>
<ConstraintGeometry geomType="sphere">
<InstancePath>
<Uid>PassivePlusRodFady-2</Uid>
<Uid>phs-1</Uid>
</InstancePath>
<Position>0 0.013154928527444876 0</Position>
</ConstraintGeometry>
</Concentric>
<Concentric name="Concentric8">
<ConstraintGeometry geomType="sphere">
<InstancePath>
<Uid>Ta7t-1</Uid>
<Uid>RodPlusTwoSpheres-2</Uid>
<Uid>Sphere-2</Uid>
</InstancePath>
<Position>0 0 0</Position>
</ConstraintGeometry>
<ConstraintGeometry geomType="sphere">
<InstancePath>
<Uid>PassivePlusRodFady-2</Uid>
<Uid>phs-2</Uid>
</InstancePath>
<Position>0 0.013154928527444876 0</Position>
</ConstraintGeometry>
</Concentric>
<Concentric name="Concentric9">
<ConstraintGeometry geomType="sphere">
<InstancePath>
<Uid>RodPlusTwoSpheres-1</Uid>
<Uid>Sphere-1</Uid>
</InstancePath>
<Position>0 0 0</Position>
</ConstraintGeometry>
<ConstraintGeometry geomType="sphere">
<InstancePath>
<Uid>PassivePlusRodFady-3</Uid>
<Uid>phs-1</Uid>
</InstancePath>
<Position>0 0.01315492852744489 0</Position>
</ConstraintGeometry>
</Concentric>
<Concentric name="Concentric10">
<ConstraintGeometry geomType="sphere">
<InstancePath>
<Uid>RodPlusTwoSpheres-1</Uid>
<Uid>Sphere-2</Uid>
</InstancePath>
<Position>0 0 0</Position>
</ConstraintGeometry>
<ConstraintGeometry geomType="sphere">
<InstancePath>
<Uid>PassivePlusRodFady-4</Uid>
<Uid>phs-1</Uid>
</InstancePath>
<Position>0 0.013154928527444897 0</Position>
</ConstraintGeometry>
</Concentric>
<Concentric name="Concentric11">
<ConstraintGeometry geomType="sphere">
<InstancePath>
<Uid>Ta7t-1</Uid>
<Uid>RodPlusTwoSpheres-1</Uid>
<Uid>Sphere-1</Uid>
</InstancePath>
<Position>0 0 0</Position>
</ConstraintGeometry>
<ConstraintGeometry geomType="sphere">
<InstancePath>
<Uid>PassivePlusRodFady-3</Uid>
<Uid>phs-2</Uid>
</InstancePath>
<Position>0 0.01315492852744482 0</Position>
</ConstraintGeometry>
</Concentric>
<Concentric name="Concentric12">
<ConstraintGeometry geomType="sphere">
<InstancePath>
<Uid>Ta7t-1</Uid>
<Uid>RodPlusTwoSpheres-1</Uid>
<Uid>Sphere-2</Uid>
</InstancePath>
<Position>0 0 0</Position>
</ConstraintGeometry>
<ConstraintGeometry geomType="sphere">
<InstancePath>
<Uid>PassivePlusRodFady-4</Uid>
<Uid>phs-2</Uid>
</InstancePath>
<Position>0 0.013154928527444876 0</Position>
</ConstraintGeometry>
</Concentric>
<Concentric name="Concentric13">
<ConstraintGeometry geomType="sphere">
<InstancePath>
<Uid>RodPlusTwoSpheres-3</Uid>
<Uid>Sphere-1</Uid>
</InstancePath>
<Position>0 0 0</Position>
</ConstraintGeometry>
<ConstraintGeometry geomType="sphere">
<InstancePath>
<Uid>PassivePlusRodFady-5</Uid>
<Uid>phs-1</Uid>
</InstancePath>
<Position>0 0.01315492852744489 0</Position>
</ConstraintGeometry>
</Concentric>
<Concentric name="Concentric14">
<ConstraintGeometry geomType="sphere">
<InstancePath>
<Uid>Ta7t-1</Uid>
<Uid>RodPlusTwoSpheres-3</Uid>
<Uid>Sphere-2</Uid>
</InstancePath>
<Position>0 0 0</Position>
</ConstraintGeometry>
<ConstraintGeometry geomType="sphere">
<InstancePath>
<Uid>PassivePlusRodFady-5</Uid>
<Uid>phs-2</Uid>
</InstancePath>
<Position>0 0.013154928527444876 0</Position>
</ConstraintGeometry>
</Concentric>
<Concentric name="Concentric15">
<ConstraintGeometry geomType="sphere">
<InstancePath>
<Uid>Ta7t-1</Uid>
<Uid>RodPlusTwoSpheres-3</Uid>
<Uid>Sphere-1</Uid>
</InstancePath>
<Position>0 0 0</Position>
</ConstraintGeometry>
<ConstraintGeometry geomType="sphere">
<InstancePath>
<Uid>PassivePlusRodFady-6</Uid>
<Uid>phs-2</Uid>
</InstancePath>
<Position>0 0.013154928527444876 0</Position>
</ConstraintGeometry>
</Concentric>
<Concentric name="Concentric16">
<ConstraintGeometry geomType="sphere">
<InstancePath>
<Uid>RodPlusTwoSpheres-3</Uid>
<Uid>Sphere-2</Uid>
</InstancePath>
<Position>0 0 0</Position>
</ConstraintGeometry>
<ConstraintGeometry geomType="sphere">
<InstancePath>
<Uid>PassivePlusRodFady-6</Uid>
<Uid>phs-1</Uid>
</InstancePath>
<Position>0 0.013154928527444848 0</Position>
</ConstraintGeometry>
</Concentric>
</Constraints>
</RootAssembly>
<Assemblies>
<Assembly name="PassivePlusRodFady" uid="PassivePlusRodFady" version="114">
<ModelUnits mass="kilogram" length="millimeter"/>
<AssemblyFile name="PassivePlusRodFady.SLDASM" type="SolidWorks Assembly"/>
</Assembly>
<Assembly name="Motor_Active_SSCPE" uid="Motor_Active_SSCPE" version="136">
<ModelUnits mass="kilogram" length="millimeter"/>
<AssemblyFile name="Motor_Active_SSCPE.SLDASM" type="SolidWorks Assembly"/>
<Constraints>
<Concentric name="Concentric1">
<ConstraintGeometry geomType="cylinder">
<InstancePath>
<Uid>motor_mount-1</Uid>
</InstancePath>
<Position>0.034999999999999989 0.081207953425837587 0.0060000000000000001</Position>
<Axis>0 0 -1</Axis>
</ConstraintGeometry>
<ConstraintGeometry geomType="cylinder">
<InstancePath>
<Uid>NEMA344-1</Uid>
</InstancePath>
<Position>-0.077000000000000013 0.01 -0.0069999999999995205</Position>
<Axis>0 -1 0</Axis>
</ConstraintGeometry>
</Concentric>
<Concentric name="Concentric2">
<ConstraintGeometry geomType="cylinder">
<InstancePath>
<Uid>motor_mount-1</Uid>
</InstancePath>
<Position>-0.035000000000000003 0.081207953425835602 0.0060000000000000001</Position>
<Axis>0 0 -1</Axis>
</ConstraintGeometry>
<ConstraintGeometry geomType="cylinder">
<InstancePath>
<Uid>NEMA344-1</Uid>
</InstancePath>
<Position>-0.0069999999999999993 0.01 -0.0070000000000000062</Position>
<Axis>0 -1 0</Axis>
</ConstraintGeometry>
</Concentric>
<Concentric name="Concentric3">
<ConstraintGeometry geomType="cylinder">
<InstancePath>
<Uid>motor_mount-1</Uid>
</InstancePath>
<Position>0.035000000000001946 0.01120795342583757 0.0060000000000000001</Position>
<Axis>0 0 -1</Axis>
</ConstraintGeometry>
<ConstraintGeometry geomType="cylinder">
<InstancePath>
<Uid>NEMA344-1</Uid>
</InstancePath>
<Position>-0.077000000000000263 0.01 -0.076999999999999527</Position>
<Axis>0 -1 0</Axis>
</ConstraintGeometry>
</Concentric>
<Concentric name="Concentric4">
<ConstraintGeometry geomType="cylinder">
<InstancePath>
<Uid>motor_mount-1</Uid>
</InstancePath>
<Position>-0.03499999999999804 0.011207953425835599 0.0060000000000000001</Position>
<Axis>0 0 -1</Axis>
</ConstraintGeometry>
<ConstraintGeometry geomType="cylinder">
<InstancePath>
<Uid>NEMA344-1</Uid>
</InstancePath>
<Position>-0.0070000000000002456 0.01 -0.077000000000000013</Position>
<Axis>0 -1 0</Axis>
</ConstraintGeometry>
</Concentric>
<Coincident name="Coincident1">
<ConstraintGeometry geomType="plane">
<InstancePath>
<Uid>motor_mount-1</Uid>
</InstancePath>
<Position>0 0 0.0060000000000000001</Position>
<Axis>0 0 1</Axis>
</ConstraintGeometry>
<ConstraintGeometry geomType="plane">
<InstancePath>
<Uid>NEMA344-1</Uid>
</InstancePath>
<Position>0 0 0</Position>
<Axis>0 -1 0</Axis>
</ConstraintGeometry>
</Coincident>
<Concentric name="Concentric5">
<ConstraintGeometry geomType="cylinder">
<InstancePath>
<Uid>NEMA344-1</Uid>
</InstancePath>
<Position>-0.042500000000000003 -0.040000000000000001 -0.042499999999999982</Position>
<Axis>0 1 0</Axis>
</ConstraintGeometry>
<ConstraintGeometry geomType="cylinder">
<InstancePath>
<Uid>Active Arm 5.0-1</Uid>
</InstancePath>
<Position>0.11554345256373669 0.01498995493556967 0.0049999999999999975</Position>
<Axis>0 0 -1</Axis>
</ConstraintGeometry>
</Concentric>
<Coincident name="Coincident3">
<ConstraintGeometry geomType="plane">
<InstancePath>
<Uid>NEMA344-1</Uid>
</InstancePath>
<Position>-0.042500000000000003 -0.040000000000000001 -0.042499999999999982</Position>
<Axis>0 -1 0</Axis>
</ConstraintGeometry>
<ConstraintGeometry geomType="plane">
<InstancePath>
<Uid>Active Arm 5.0-1</Uid>
</InstancePath>
<Position>-0.1144565474362633 0.014989954935569649 0.0049999999999999975</Position>
<Axis>0 0 1</Axis>
</ConstraintGeometry>
</Coincident>
</Constraints>
</Assembly>
<Assembly name="Ta7t" uid="Ta7t" version="126">
<ModelUnits mass="kilogram" length="millimeter"/>
<AssemblyFile name="Ta7t.SLDASM" type="SolidWorks Assembly"/>
</Assembly>
<Assembly name="RodPlusTwoSpheres" uid="RodPlusTwoSpheres" version="122">
<ModelUnits mass="kilogram" length="millimeter"/>
<AssemblyFile name="RodPlusTwoSpheres.SLDASM" type="SolidWorks Assembly"/>
</Assembly>
</Assemblies>
<Parts>
<Part name="Active Arm 5.0" uid="Active Arm 5.0*:*Default" version="599">
<ModelUnits mass="kilogram" length="millimeter"/>
<PartFile name="Active Arm 5.0.SLDPRT" type="SolidWorks Part"/>
<MassProperties>
<Mass>0.10316977498320305</Mass>
<CenterOfMass>0.022457910339839914 0.015002998146153903 -2.5962501731238873e-08</CenterOfMass>
<Inertia>1.3075113083768209e-05 0.00069663983378566408 0.00070805863491187298 -3.1454413487978601e-11 -5.6192600478261235e-11 7.915092563111589e-07</Inertia>
